n_DH_Junction_points_11173:
  y: 38.08448
  x: -87.89029
n_Heat for port and ships:
  y: 36.69357
  x: -87.89029
