n_Battery:
  y: 41.55605
  x: -93.77252
n_El busbar_11149:
  y: 41.0
  x: -93.0
n_Solar Power:
  y: 40.29289
  x: -93.77252
