n_DH_Junction_points_11165:
  y: 36.73543
  x: -90.92699
