n_Heat for airport:
  y: 36.69357
  x: -89.00637
n_DH_Junction_points_11177:
  y: 37.67531
  x: -89.00637
