n_DH_Junction_points_11167:
  y: 38.22739
  x: -90.30779
