n_El busbar_11137:
  y: 38.70869
  x: -91.36919
n_EV charger:
  y: 38.01638
  x: -91.3665
