n_Power supply:
  y: 38.10893
  x: -94.0
n_El busbar_11124:
  y: 39.08497
  x: -93.0
